 
Start Static Scheduling of different rate of message generation  115
Start repeat time : 1
static plan: [[46, 46, 0, 0, 0, 0], [84, 84, 84, 84, 84, 84], [68, 68, 68, 22, 22, 22], [28, 28, 28, 28, 28, 28], [103, 11, 11, 3, 3, 3], [80, 80, 80, 80, 26, 26]]
static fitness: 222.88230170325573
Start repeat time : 2
static plan: [[67, 67, 22, 22, 7, 7], [41, 41, 41, 41, 41, 41], [84, 84, 84, 27, 27, 27], [107, 107, 107, 107, 107, 35], [47, 47, 47, 47, 15, 15], [58, 58, 58, 58, 19, 6]]
static fitness: 212.71826808730208
Start repeat time : 3
static plan: [[75, 75, 24, 0, 0, 0], [102, 102, 102, 102, 102, 102], [74, 74, 74, 74, 0, 0], [110, 110, 110, 110, 110, 110], [42, 42, 42, 42, 42, 4], [80, 80, 80, 80, 26, 26]]
static fitness: 235.63384852735052
Start repeat time : 4
static plan: [[23, 23, 0, 0, 0, 0], [35, 35, 35, 35, 35, 35], [51, 51, 51, 51, 16, 1], [93, 30, 30, 30, 30, 30], [33, 10, 10, 3, 0, 0], [98, 98, 98, 98, 98, 98]]
static fitness: 272.8567297098896
Start repeat time : 5
static plan: [[67, 67, 22, 0, 0, 0], [75, 75, 75, 75, 75, 24], [70, 70, 70, 70, 0, 0], [92, 92, 92, 92, 92, 30], [21, 21, 21, 21, 21, 6], [109, 109, 36, 36, 36, 11]]
static fitness: 298.09778638202056
 
Start Static Scheduling of different rate of message generation  137.49756634
Start repeat time : 1
static plan: [[104, 34, 11, 11, 0, 0], [76, 76, 76, 25, 25, 25], [117, 117, 117, 38, 38, 38], [25, 8, 8, 8, 8, 2], [71, 71, 71, 23, 23, 7], [86, 86, 28, 28, 28, 28]]
static fitness: 235.455285581675
Start repeat time : 2
static plan: [[33, 33, 10, 10, 3, 3], [20, 20, 20, 20, 6, 6], [89, 89, 29, 0, 0, 0], [11, 11, 11, 11, 11, 0], [14, 14, 14, 4, 4, 0], [76, 76, 76, 76, 76, 76]]
static fitness: 246.21561377849875
Start repeat time : 3
static plan: [[63, 63, 1, 1, 0, 0], [38, 38, 38, 38, 38, 38], [103, 34, 34, 34, 34, 11], [100, 100, 100, 100, 100, 33], [77, 77, 77, 77, 25, 25], [50, 50, 50, 50, 16, 16]]
static fitness: 226.91552388106047
Start repeat time : 4
static plan: [[40, 13, 13, 1, 1, 1], [22, 22, 22, 7, 7, 7], [75, 75, 75, 24, 2, 2], [96, 96, 96, 96, 96, 96], [84, 84, 27, 27, 27, 0], [62, 62, 20, 20, 20, 1]]
static fitness: 212.02474389879754
Start repeat time : 5
static plan: [[17, 17, 0, 0, 0, 0], [16, 16, 5, 5, 5, 5], [101, 101, 101, 101, 33, 33], [106, 35, 35, 35, 35, 11], [93, 93, 93, 93, 93, 30], [112, 112, 37, 12, 12, 12]]
static fitness: 203.60037700377586
 
Start Static Scheduling of different rate of message generation  149.46827136
Start repeat time : 1
static plan: [[39, 12, 12, 3, 3, 3], [27, 27, 27, 27, 27, 27], [110, 110, 110, 110, 110, 110], [75, 24, 24, 7, 7, 7], [15, 15, 15, 0, 0, 0], [30, 30, 30, 9, 9, 2]]
static fitness: 191.22516647854675
Start repeat time : 2
static plan: [[110, 36, 11, 3, 0, 0], [34, 34, 34, 34, 34, 34], [21, 21, 21, 21, 21, 1], [45, 45, 45, 45, 45, 45], [26, 26, 26, 8, 2, 0], [50, 50, 50, 50, 50, 16]]
static fitness: 176.52864427931556
Start repeat time : 3
static plan: [[87, 87, 28, 9, 2, 2], [24, 7, 7, 7, 7, 7], [81, 81, 81, 26, 0, 0], [77, 77, 25, 25, 25, 25], [103, 103, 34, 34, 34, 11], [95, 95, 95, 95, 95, 95]]
static fitness: 279.2192065834085
Start repeat time : 4
static plan: [[119, 119, 12, 0, 0, 0], [84, 84, 84, 84, 84, 84], [23, 23, 23, 23, 7, 7], [28, 9, 9, 9, 9, 9], [108, 35, 35, 35, 35, 0], [116, 116, 116, 116, 116, 38]]
static fitness: 269.6879123288191
Start repeat time : 5
static plan: [[97, 97, 32, 32, 10, 3], [10, 3, 3, 3, 3, 3], [64, 21, 21, 21, 21, 6], [23, 7, 7, 2, 2, 2], [47, 47, 47, 4, 4, 4], [109, 109, 109, 109, 109, 109]]
static fitness: 283.63151415699434
 
Start Static Scheduling of different rate of message generation  145.31088913
Start repeat time : 1
static plan: [[61, 20, 6, 6, 6, 6], [94, 94, 94, 94, 94, 94], [45, 45, 45, 45, 14, 14], [30, 30, 30, 30, 9, 9], [23, 23, 2, 0, 0, 0], [17, 17, 17, 17, 17, 5]]
static fitness: 157.55974900575396
Start repeat time : 2
static plan: [[99, 99, 32, 32, 32, 10], [60, 19, 6, 6, 6, 6], [9, 9, 9, 9, 9, 0], [57, 57, 57, 57, 57, 57], [56, 56, 56, 56, 56, 18], [107, 107, 107, 107, 107, 107]]
static fitness: 178.8127517726191
Start repeat time : 3
static plan: [[45, 45, 4, 0, 0, 0], [93, 93, 93, 93, 93, 93], [67, 22, 22, 22, 22, 22], [25, 8, 8, 8, 8, 8], [29, 29, 29, 29, 9, 2], [116, 116, 116, 116, 116, 38]]
static fitness: 202.50340602886905
Start repeat time : 4
static plan: [[14, 1, 0, 0, 0, 0], [100, 100, 100, 100, 100, 100], [5, 5, 5, 5, 5, 5], [109, 109, 36, 36, 36, 36], [89, 29, 29, 29, 29, 9], [107, 107, 107, 107, 107, 107]]
static fitness: 240.35646549603166
Start repeat time : 5
static plan: [[68, 68, 22, 2, 2, 2], [92, 92, 92, 92, 92, 92], [29, 29, 29, 29, 29, 29], [5, 5, 5, 5, 5, 5], [46, 46, 46, 46, 15, 1], [35, 35, 35, 35, 35, 35]]
static fitness: 181.9846233090031
 
Start Static Scheduling of different rate of message generation  126.97070502
Start repeat time : 1
static plan: [[103, 103, 34, 34, 11, 3], [47, 47, 47, 47, 47, 47], [64, 64, 64, 64, 21, 21], [26, 26, 26, 8, 8, 8], [69, 69, 69, 22, 0, 0], [76, 76, 76, 76, 76, 76]]
static fitness: 299.0113959898594
Start repeat time : 2
static plan: [[60, 19, 0, 0, 0, 0], [55, 55, 55, 55, 55, 55], [84, 84, 84, 84, 84, 84], [38, 38, 38, 38, 38, 12], [74, 74, 74, 24, 24, 24], [67, 22, 22, 7, 7, 0]]
static fitness: 264.9280789179562
Start repeat time : 3
static plan: [[46, 46, 15, 4, 4, 4], [47, 47, 47, 47, 47, 47], [20, 20, 20, 20, 6, 6], [65, 65, 65, 65, 65, 65], [72, 72, 72, 23, 7, 2], [8, 8, 8, 8, 8, 8]]
static fitness: 169.86155325992053
Start repeat time : 4
static plan: [[105, 105, 34, 34, 0, 0], [108, 108, 108, 108, 108, 108], [55, 55, 55, 55, 18, 5], [75, 75, 75, 75, 75, 75], [19, 19, 6, 1, 1, 1], [17, 17, 17, 17, 17, 5]]
static fitness: 192.01703522310413
Start repeat time : 5
static plan: [[81, 81, 26, 26, 26, 2], [11, 11, 11, 11, 11, 11], [33, 33, 33, 33, 33, 33], [74, 24, 24, 24, 24, 2], [11, 11, 11, 0, 0, 0], [47, 47, 47, 47, 47, 47]]
static fitness: 182.111347427778
 
Start Static Scheduling of different rate of message generation  103.02929498
Start repeat time : 1
static plan: [[29, 29, 9, 9, 9, 2], [98, 98, 98, 98, 98, 98], [37, 37, 37, 12, 12, 3], [90, 90, 90, 90, 90, 90], [62, 20, 20, 20, 20, 0], [55, 55, 55, 55, 55, 55]]
static fitness: 183.70029885535712
Start repeat time : 2
static plan: [[80, 26, 26, 8, 8, 8], [27, 27, 27, 2, 2, 2], [22, 22, 22, 7, 0, 0], [118, 118, 118, 118, 118, 118], [94, 94, 10, 3, 0, 0], [117, 117, 117, 117, 117, 117]]
static fitness: 263.29044705085334
Start repeat time : 3
static plan: [[116, 38, 12, 12, 3, 0], [70, 70, 70, 70, 70, 70], [72, 72, 72, 72, 72, 23], [47, 47, 47, 47, 47, 15], [22, 22, 22, 7, 7, 2], [103, 103, 34, 34, 34, 11]]
static fitness: 210.10046304821472
Start repeat time : 4
static plan: [[113, 37, 12, 12, 12, 12], [117, 117, 117, 117, 117, 117], [55, 55, 55, 55, 18, 18], [24, 0, 0, 0, 0, 0], [64, 64, 64, 21, 21, 21], [13, 13, 13, 13, 13, 13]]
static fitness: 173.6677767706351
Start repeat time : 5
static plan: [[96, 96, 31, 31, 0, 0], [68, 68, 68, 68, 68, 68], [16, 16, 16, 16, 16, 16], [116, 116, 116, 116, 116, 116], [62, 62, 62, 20, 20, 6], [90, 90, 90, 90, 90, 90]]
static fitness: 177.3453299832546
 
Start Static Scheduling of different rate of message generation  84.68911087
Start repeat time : 1
static plan: [[35, 11, 0, 0, 0, 0], [67, 67, 67, 67, 67, 67], [91, 30, 30, 30, 30, 30], [7, 7, 7, 7, 7, 7], [90, 90, 90, 90, 29, 9], [48, 48, 48, 48, 48, 48]]
static fitness: 185.10631625840364
Start repeat time : 2
static plan: [[94, 94, 31, 31, 31, 31], [54, 17, 17, 17, 17, 17], [7, 7, 7, 7, 7, 7], [75, 75, 24, 24, 24, 24], [120, 120, 120, 0, 0, 0], [70, 70, 23, 23, 23, 23]]
static fitness: 293.0807978911294
Start repeat time : 3
static plan: [[92, 9, 2, 0, 0, 0], [17, 5, 5, 5, 1, 1], [103, 103, 103, 103, 11, 11], [3, 3, 0, 0, 0, 0], [112, 112, 112, 37, 37, 37], [71, 71, 71, 71, 23, 7]]
static fitness: 282.6964513621231
Start repeat time : 4
static plan: [[56, 5, 1, 1, 0, 0], [89, 89, 89, 89, 89, 89], [80, 80, 80, 26, 0, 0], [98, 98, 98, 98, 98, 32], [15, 15, 15, 4, 4, 4], [61, 20, 20, 20, 20, 1]]
static fitness: 238.78092344600086
Start repeat time : 5
static plan: [[30, 30, 9, 0, 0, 0], [109, 109, 109, 109, 109, 109], [51, 51, 51, 51, 16, 16], [115, 115, 115, 115, 115, 38], [46, 46, 46, 15, 15, 1], [58, 58, 6, 6, 6, 6]]
static fitness: 152.99276764612517
 
Start Static Scheduling of different rate of message generation  80.53172864
Start repeat time : 1
static plan: [[8, 8, 2, 2, 0, 0], [72, 72, 72, 23, 23, 7], [73, 73, 73, 73, 24, 7], [87, 87, 87, 87, 87, 87], [63, 63, 63, 20, 20, 0], [76, 76, 76, 76, 76, 76]]
static fitness: 358.5004820127004
Start repeat time : 2
static plan: [[56, 18, 18, 5, 5, 1], [54, 54, 54, 54, 54, 54], [12, 12, 12, 12, 3, 3], [69, 69, 69, 69, 69, 22], [111, 111, 111, 111, 111, 36], [59, 59, 59, 59, 59, 59]]
static fitness: 221.78591938035729
Start repeat time : 3
static plan: [[51, 16, 5, 5, 0, 0], [37, 37, 12, 12, 12, 12], [106, 106, 106, 35, 35, 35], [68, 68, 68, 68, 22, 22], [42, 42, 42, 13, 13, 4], [27, 27, 27, 27, 27, 8]]
static fitness: 237.67892781845245
Start repeat time : 4
static plan: [[92, 30, 0, 0, 0, 0], [87, 28, 28, 28, 28, 28], [68, 68, 68, 68, 68, 68], [104, 104, 104, 104, 104, 11], [54, 54, 54, 17, 17, 5], [76, 76, 76, 76, 76, 25]]
static fitness: 250.76831547681408
Start repeat time : 5
static plan: [[53, 53, 17, 5, 5, 5], [62, 62, 62, 62, 62, 62], [74, 74, 74, 24, 24, 24], [70, 70, 23, 23, 23, 23], [64, 64, 64, 0, 0, 0], [115, 115, 38, 38, 38, 38]]
static fitness: 270.0556394773247
 
Start Static Scheduling of different rate of message generation  92.50243366
Start repeat time : 1
static plan: [[33, 33, 10, 10, 10, 3], [20, 20, 20, 20, 20, 20], [32, 32, 32, 32, 3, 3], [67, 67, 22, 22, 22, 22], [46, 15, 15, 1, 1, 0], [117, 117, 38, 12, 12, 0]]
static fitness: 258.9514490271249
Start repeat time : 2
static plan: [[66, 66, 21, 21, 21, 1], [36, 36, 36, 36, 11, 11], [50, 50, 50, 50, 50, 16], [56, 18, 18, 18, 18, 5], [69, 69, 69, 22, 22, 7], [112, 112, 112, 112, 112, 112]]
static fitness: 193.07819306296312
Start repeat time : 3
static plan: [[22, 22, 0, 0, 0, 0], [37, 37, 37, 37, 37, 37], [108, 108, 108, 108, 108, 35], [60, 60, 60, 60, 19, 19], [74, 74, 74, 74, 24, 24], [85, 85, 28, 28, 28, 28]]
static fitness: 183.79576771525564
Start repeat time : 4
static plan: [[96, 96, 31, 31, 3, 3], [118, 118, 118, 118, 118, 118], [112, 112, 112, 112, 37, 37], [35, 35, 35, 35, 35, 35], [77, 77, 77, 25, 8, 8], [119, 119, 119, 39, 39, 39]]
static fitness: 409.60030767760253
Start repeat time : 5
static plan: [[8, 8, 0, 0, 0, 0], [82, 82, 82, 82, 82, 82], [101, 101, 101, 101, 101, 101], [100, 100, 100, 100, 100, 33], [19, 19, 6, 6, 6, 1], [29, 29, 0, 0, 0, 0]]
static fitness: 181.65589283862505
 
Start Static Scheduling of different rate of message generation  115
Start repeat time : 1
static plan: [[99, 99, 10, 10, 0, 0], [31, 3, 3, 3, 3, 3], [101, 101, 101, 101, 33, 33], [82, 82, 82, 82, 82, 8], [16, 16, 16, 5, 5, 5], [42, 42, 13, 13, 13, 13]]
static fitness: 270.1336241347785
Start repeat time : 2
static plan: [[119, 39, 3, 3, 3, 0], [64, 64, 64, 64, 64, 64], [34, 34, 34, 34, 34, 34], [8, 8, 8, 8, 8, 0], [44, 44, 44, 14, 4, 4], [72, 72, 72, 72, 23, 0]]
static fitness: 215.73110644694756
Start repeat time : 3
static plan: [[16, 16, 5, 0, 0, 0], [99, 32, 32, 32, 32, 32], [86, 86, 86, 86, 86, 86], [71, 23, 23, 23, 23, 23], [110, 110, 110, 36, 36, 11], [26, 26, 26, 26, 26, 26]]
static fitness: 325.53614334788267
Start repeat time : 4
static plan: [[65, 21, 21, 1, 0, 0], [42, 42, 42, 42, 42, 42], [53, 53, 53, 53, 53, 53], [58, 58, 58, 58, 58, 58], [70, 70, 70, 70, 70, 23], [89, 89, 9, 2, 2, 2]]
static fitness: 257.7233280921853
Start repeat time : 5
static plan: [[113, 113, 3, 3, 3, 3], [42, 42, 42, 42, 42, 42], [106, 106, 106, 106, 35, 11], [91, 91, 91, 91, 91, 30], [94, 94, 94, 31, 31, 10], [61, 61, 61, 61, 61, 6]]
static fitness: 218.20546076098955
GA-based static scheduling fitness of each message generation rate
[248.4378, 224.8423, 240.0585, 192.2434, 221.5859, 201.6209, 230.5315, 267.7579, 245.4163, 257.4659]
Scheduling plan in each lr
[[[46, 46, 0, 0, 0, 0], [84, 84, 84, 84, 84, 84], [68, 68, 68, 22, 22, 22], [28, 28, 28, 28, 28, 28], [103, 11, 11, 3, 3, 3], [80, 80, 80, 80, 26, 26]], [[67, 67, 22, 22, 7, 7], [41, 41, 41, 41, 41, 41], [84, 84, 84, 27, 27, 27], [107, 107, 107, 107, 107, 35], [47, 47, 47, 47, 15, 15], [58, 58, 58, 58, 19, 6]], [[75, 75, 24, 0, 0, 0], [102, 102, 102, 102, 102, 102], [74, 74, 74, 74, 0, 0], [110, 110, 110, 110, 110, 110], [42, 42, 42, 42, 42, 4], [80, 80, 80, 80, 26, 26]], [[23, 23, 0, 0, 0, 0], [35, 35, 35, 35, 35, 35], [51, 51, 51, 51, 16, 1], [93, 30, 30, 30, 30, 30], [33, 10, 10, 3, 0, 0], [98, 98, 98, 98, 98, 98]], [[67, 67, 22, 0, 0, 0], [75, 75, 75, 75, 75, 24], [70, 70, 70, 70, 0, 0], [92, 92, 92, 92, 92, 30], [21, 21, 21, 21, 21, 6], [109, 109, 36, 36, 36, 11]], [[104, 34, 11, 11, 0, 0], [76, 76, 76, 25, 25, 25], [117, 117, 117, 38, 38, 38], [25, 8, 8, 8, 8, 2], [71, 71, 71, 23, 23, 7], [86, 86, 28, 28, 28, 28]], [[33, 33, 10, 10, 3, 3], [20, 20, 20, 20, 6, 6], [89, 89, 29, 0, 0, 0], [11, 11, 11, 11, 11, 0], [14, 14, 14, 4, 4, 0], [76, 76, 76, 76, 76, 76]], [[63, 63, 1, 1, 0, 0], [38, 38, 38, 38, 38, 38], [103, 34, 34, 34, 34, 11], [100, 100, 100, 100, 100, 33], [77, 77, 77, 77, 25, 25], [50, 50, 50, 50, 16, 16]], [[40, 13, 13, 1, 1, 1], [22, 22, 22, 7, 7, 7], [75, 75, 75, 24, 2, 2], [96, 96, 96, 96, 96, 96], [84, 84, 27, 27, 27, 0], [62, 62, 20, 20, 20, 1]], [[17, 17, 0, 0, 0, 0], [16, 16, 5, 5, 5, 5], [101, 101, 101, 101, 33, 33], [106, 35, 35, 35, 35, 11], [93, 93, 93, 93, 93, 30], [112, 112, 37, 12, 12, 12]], [[39, 12, 12, 3, 3, 3], [27, 27, 27, 27, 27, 27], [110, 110, 110, 110, 110, 110], [75, 24, 24, 7, 7, 7], [15, 15, 15, 0, 0, 0], [30, 30, 30, 9, 9, 2]], [[110, 36, 11, 3, 0, 0], [34, 34, 34, 34, 34, 34], [21, 21, 21, 21, 21, 1], [45, 45, 45, 45, 45, 45], [26, 26, 26, 8, 2, 0], [50, 50, 50, 50, 50, 16]], [[87, 87, 28, 9, 2, 2], [24, 7, 7, 7, 7, 7], [81, 81, 81, 26, 0, 0], [77, 77, 25, 25, 25, 25], [103, 103, 34, 34, 34, 11], [95, 95, 95, 95, 95, 95]], [[119, 119, 12, 0, 0, 0], [84, 84, 84, 84, 84, 84], [23, 23, 23, 23, 7, 7], [28, 9, 9, 9, 9, 9], [108, 35, 35, 35, 35, 0], [116, 116, 116, 116, 116, 38]], [[97, 97, 32, 32, 10, 3], [10, 3, 3, 3, 3, 3], [64, 21, 21, 21, 21, 6], [23, 7, 7, 2, 2, 2], [47, 47, 47, 4, 4, 4], [109, 109, 109, 109, 109, 109]], [[61, 20, 6, 6, 6, 6], [94, 94, 94, 94, 94, 94], [45, 45, 45, 45, 14, 14], [30, 30, 30, 30, 9, 9], [23, 23, 2, 0, 0, 0], [17, 17, 17, 17, 17, 5]], [[99, 99, 32, 32, 32, 10], [60, 19, 6, 6, 6, 6], [9, 9, 9, 9, 9, 0], [57, 57, 57, 57, 57, 57], [56, 56, 56, 56, 56, 18], [107, 107, 107, 107, 107, 107]], [[45, 45, 4, 0, 0, 0], [93, 93, 93, 93, 93, 93], [67, 22, 22, 22, 22, 22], [25, 8, 8, 8, 8, 8], [29, 29, 29, 29, 9, 2], [116, 116, 116, 116, 116, 38]], [[14, 1, 0, 0, 0, 0], [100, 100, 100, 100, 100, 100], [5, 5, 5, 5, 5, 5], [109, 109, 36, 36, 36, 36], [89, 29, 29, 29, 29, 9], [107, 107, 107, 107, 107, 107]], [[68, 68, 22, 2, 2, 2], [92, 92, 92, 92, 92, 92], [29, 29, 29, 29, 29, 29], [5, 5, 5, 5, 5, 5], [46, 46, 46, 46, 15, 1], [35, 35, 35, 35, 35, 35]], [[103, 103, 34, 34, 11, 3], [47, 47, 47, 47, 47, 47], [64, 64, 64, 64, 21, 21], [26, 26, 26, 8, 8, 8], [69, 69, 69, 22, 0, 0], [76, 76, 76, 76, 76, 76]], [[60, 19, 0, 0, 0, 0], [55, 55, 55, 55, 55, 55], [84, 84, 84, 84, 84, 84], [38, 38, 38, 38, 38, 12], [74, 74, 74, 24, 24, 24], [67, 22, 22, 7, 7, 0]], [[46, 46, 15, 4, 4, 4], [47, 47, 47, 47, 47, 47], [20, 20, 20, 20, 6, 6], [65, 65, 65, 65, 65, 65], [72, 72, 72, 23, 7, 2], [8, 8, 8, 8, 8, 8]], [[105, 105, 34, 34, 0, 0], [108, 108, 108, 108, 108, 108], [55, 55, 55, 55, 18, 5], [75, 75, 75, 75, 75, 75], [19, 19, 6, 1, 1, 1], [17, 17, 17, 17, 17, 5]], [[81, 81, 26, 26, 26, 2], [11, 11, 11, 11, 11, 11], [33, 33, 33, 33, 33, 33], [74, 24, 24, 24, 24, 2], [11, 11, 11, 0, 0, 0], [47, 47, 47, 47, 47, 47]], [[29, 29, 9, 9, 9, 2], [98, 98, 98, 98, 98, 98], [37, 37, 37, 12, 12, 3], [90, 90, 90, 90, 90, 90], [62, 20, 20, 20, 20, 0], [55, 55, 55, 55, 55, 55]], [[80, 26, 26, 8, 8, 8], [27, 27, 27, 2, 2, 2], [22, 22, 22, 7, 0, 0], [118, 118, 118, 118, 118, 118], [94, 94, 10, 3, 0, 0], [117, 117, 117, 117, 117, 117]], [[116, 38, 12, 12, 3, 0], [70, 70, 70, 70, 70, 70], [72, 72, 72, 72, 72, 23], [47, 47, 47, 47, 47, 15], [22, 22, 22, 7, 7, 2], [103, 103, 34, 34, 34, 11]], [[113, 37, 12, 12, 12, 12], [117, 117, 117, 117, 117, 117], [55, 55, 55, 55, 18, 18], [24, 0, 0, 0, 0, 0], [64, 64, 64, 21, 21, 21], [13, 13, 13, 13, 13, 13]], [[96, 96, 31, 31, 0, 0], [68, 68, 68, 68, 68, 68], [16, 16, 16, 16, 16, 16], [116, 116, 116, 116, 116, 116], [62, 62, 62, 20, 20, 6], [90, 90, 90, 90, 90, 90]], [[35, 11, 0, 0, 0, 0], [67, 67, 67, 67, 67, 67], [91, 30, 30, 30, 30, 30], [7, 7, 7, 7, 7, 7], [90, 90, 90, 90, 29, 9], [48, 48, 48, 48, 48, 48]], [[94, 94, 31, 31, 31, 31], [54, 17, 17, 17, 17, 17], [7, 7, 7, 7, 7, 7], [75, 75, 24, 24, 24, 24], [120, 120, 120, 0, 0, 0], [70, 70, 23, 23, 23, 23]], [[92, 9, 2, 0, 0, 0], [17, 5, 5, 5, 1, 1], [103, 103, 103, 103, 11, 11], [3, 3, 0, 0, 0, 0], [112, 112, 112, 37, 37, 37], [71, 71, 71, 71, 23, 7]], [[56, 5, 1, 1, 0, 0], [89, 89, 89, 89, 89, 89], [80, 80, 80, 26, 0, 0], [98, 98, 98, 98, 98, 32], [15, 15, 15, 4, 4, 4], [61, 20, 20, 20, 20, 1]], [[30, 30, 9, 0, 0, 0], [109, 109, 109, 109, 109, 109], [51, 51, 51, 51, 16, 16], [115, 115, 115, 115, 115, 38], [46, 46, 46, 15, 15, 1], [58, 58, 6, 6, 6, 6]], [[8, 8, 2, 2, 0, 0], [72, 72, 72, 23, 23, 7], [73, 73, 73, 73, 24, 7], [87, 87, 87, 87, 87, 87], [63, 63, 63, 20, 20, 0], [76, 76, 76, 76, 76, 76]], [[56, 18, 18, 5, 5, 1], [54, 54, 54, 54, 54, 54], [12, 12, 12, 12, 3, 3], [69, 69, 69, 69, 69, 22], [111, 111, 111, 111, 111, 36], [59, 59, 59, 59, 59, 59]], [[51, 16, 5, 5, 0, 0], [37, 37, 12, 12, 12, 12], [106, 106, 106, 35, 35, 35], [68, 68, 68, 68, 22, 22], [42, 42, 42, 13, 13, 4], [27, 27, 27, 27, 27, 8]], [[92, 30, 0, 0, 0, 0], [87, 28, 28, 28, 28, 28], [68, 68, 68, 68, 68, 68], [104, 104, 104, 104, 104, 11], [54, 54, 54, 17, 17, 5], [76, 76, 76, 76, 76, 25]], [[53, 53, 17, 5, 5, 5], [62, 62, 62, 62, 62, 62], [74, 74, 74, 24, 24, 24], [70, 70, 23, 23, 23, 23], [64, 64, 64, 0, 0, 0], [115, 115, 38, 38, 38, 38]], [[33, 33, 10, 10, 10, 3], [20, 20, 20, 20, 20, 20], [32, 32, 32, 32, 3, 3], [67, 67, 22, 22, 22, 22], [46, 15, 15, 1, 1, 0], [117, 117, 38, 12, 12, 0]], [[66, 66, 21, 21, 21, 1], [36, 36, 36, 36, 11, 11], [50, 50, 50, 50, 50, 16], [56, 18, 18, 18, 18, 5], [69, 69, 69, 22, 22, 7], [112, 112, 112, 112, 112, 112]], [[22, 22, 0, 0, 0, 0], [37, 37, 37, 37, 37, 37], [108, 108, 108, 108, 108, 35], [60, 60, 60, 60, 19, 19], [74, 74, 74, 74, 24, 24], [85, 85, 28, 28, 28, 28]], [[96, 96, 31, 31, 3, 3], [118, 118, 118, 118, 118, 118], [112, 112, 112, 112, 37, 37], [35, 35, 35, 35, 35, 35], [77, 77, 77, 25, 8, 8], [119, 119, 119, 39, 39, 39]], [[8, 8, 0, 0, 0, 0], [82, 82, 82, 82, 82, 82], [101, 101, 101, 101, 101, 101], [100, 100, 100, 100, 100, 33], [19, 19, 6, 6, 6, 1], [29, 29, 0, 0, 0, 0]], [[99, 99, 10, 10, 0, 0], [31, 3, 3, 3, 3, 3], [101, 101, 101, 101, 33, 33], [82, 82, 82, 82, 82, 8], [16, 16, 16, 5, 5, 5], [42, 42, 13, 13, 13, 13]], [[119, 39, 3, 3, 3, 0], [64, 64, 64, 64, 64, 64], [34, 34, 34, 34, 34, 34], [8, 8, 8, 8, 8, 0], [44, 44, 44, 14, 4, 4], [72, 72, 72, 72, 23, 0]], [[16, 16, 5, 0, 0, 0], [99, 32, 32, 32, 32, 32], [86, 86, 86, 86, 86, 86], [71, 23, 23, 23, 23, 23], [110, 110, 110, 36, 36, 11], [26, 26, 26, 26, 26, 26]], [[65, 21, 21, 1, 0, 0], [42, 42, 42, 42, 42, 42], [53, 53, 53, 53, 53, 53], [58, 58, 58, 58, 58, 58], [70, 70, 70, 70, 70, 23], [89, 89, 9, 2, 2, 2]], [[113, 113, 3, 3, 3, 3], [42, 42, 42, 42, 42, 42], [106, 106, 106, 106, 35, 11], [91, 91, 91, 91, 91, 30], [94, 94, 94, 31, 31, 10], [61, 61, 61, 61, 61, 6]]]
